64
607
590
729
221
845
756
89
129
850
811
756
941
855
741
333
417
377
285
294
760
944
443
120
677
893
482
567
133
797
201
38
978
451
93
274
27
886
110
373
260
839
265
554
31
689
587
509
983
798
499
840
992
964
217
207
357
974
544
505
677
661
401
624
134
801
368
427
118
635
961
202
222
6
575
563
726
534
413
205
779
695
374
93
854
755
601
508
425
784
741
628
377
120
176
554
478
311
258
528
716
584
871
694
905
955
621
196
537
150
778
30
171
513
683
187
900
839
184
447
223
575
690
294
612
799
413
113
139
60
39
73
148
809
408
787
803
501
404
80
199
453
249
659
679
449
866
58
697
853
42
949
943
867
119
573
41
512
897
783
585
552
121
117
48
198
311
571
817
76
753
751
883
698
340
946
179
850
214
53
369
924
392
51
507
377
171
140
400
61
308
210
444
628
886
173
519
939
514
667
